Main|89.0|788.0|242.0
ada|95.0|735.0|275.0
adb|89.0|649.0|237.0
adc|80.0|197.0|128.0
add|80.0|668.0|133.0
ava|87.0|760.0|224.0
avb|95.0|424.0|234.0
avc|100.0|479.0|211.0
avd|121.0|416.0|242.0
ave|86.0|788.0|225.0
avf|107.0|689.0|240.0
avg|89.0|711.0|257.0
avh|106.0|450.0|257.0
pfa|92.0|760.0|250.0
pfb|120.0|387.0|237.0
pfc|81.0|450.0|271.0
pfd|117.0|356.0|227.0
pfe|104.0|416.0|254.0
pff|150.0|432.0|246.0
pfg|127.0|882.0|217.0
pfh|104.0|408.0|245.0
pfi|105.0|424.0|249.0
pfj|93.0|735.0|256.0
pfk|89.0|450.0|284.0
pfl|80.0|538.0|229.0
pfm|87.0|356.0|217.0
pfn|80.0|882.0|250.0
pfo|80.0|580.0|253.0
pfp|80.0|501.0|268.0
pma|80.0|242.0|135.0
pmb|80.0|788.0|139.0
pmc|80.0|232.0|126.0
pmd|84.0|380.0|151.0
pme|88.0|272.0|154.0
pmf|80.0|882.0|140.0
pmi|133.0|760.0|284.0
pmj|82.0|459.0|171.0
pmk|80.0|204.0|103.0
fv01|80.0|290.0|202.0
fv02|80.0|374.0|224.0
fv03|87.0|311.0|211.0
fv04|98.0|374.0|251.0
fv05|90.0|329.0|212.0
fv06|87.0|490.0|230.0
fv07|87.0|374.0|227.0
fv08|80.0|298.0|185.0
fv09|82.0|368.0|218.0
fv10|80.0|848.0|197.0
fv11|80.0|513.0|226.0
fv12|93.0|513.0|250.0
fv13|80.0|315.0|201.0
fv14|80.0|350.0|204.0
fv15|80.0|630.0|195.0
fv16|81.0|302.0|206.0
fv17|80.0|306.0|202.0
fv18|88.0|361.0|231.0
fv19|89.0|490.0|197.0
fv20|89.0|361.0|240.0
fx01|81.0|315.0|207.0
fx02|80.0|294.0|188.0
fx03|81.0|290.0|193.0
fx04|85.0|490.0|218.0
fx05|88.0|882.0|237.0
fx06|80.0|329.0|198.0
fx07|80.0|368.0|200.0
fx08|85.0|551.0|272.0
fx09|82.0|302.0|216.0
fx10|84.0|459.0|209.0
fx11|80.0|479.0|236.0
fx12|102.0|387.0|196.0
fx13|98.0|817.0|232.0
fx14|84.0|311.0|221.0
fx15|85.0|538.0|243.0
fx16|80.0|882.0|214.0
fx17|80.0|315.0|218.0
fx18|92.0|361.0|235.0
fx19|83.0|501.0|211.0
fx20|85.0|848.0|286.0
fy01|87.0|882.0|201.0
fy02|81.0|283.0|163.0
fy03|111.0|788.0|246.0
fy04|86.0|882.0|209.0
fy05|86.0|324.0|225.0
fy06|84.0|394.0|201.0
fy07|80.0|760.0|216.0
fy08|80.0|272.0|177.0
fy09|84.0|315.0|206.0
fy10|83.0|298.0|209.0
fy11|80.0|580.0|202.0
fy12|88.0|320.0|194.0
fy13|85.0|306.0|216.0
fy14|80.0|329.0|216.0
fy16|80.0|551.0|204.0
fy17|80.0|441.0|198.0
fy18|87.0|882.0|249.0
mv01|81.0|218.0|140.0
mv02|80.0|197.0|104.0
mv03|89.0|302.0|156.0
mv04|93.0|204.0|128.0
mv05|80.0|167.0|108.0
mv06|94.0|199.0|129.0
mv07|80.0|565.0|95.0
mv08|90.0|206.0|126.0
mv09|108.0|350.0|141.0
mv10|88.0|199.0|119.0
mv11|106.0|188.0|136.0
mv12|92.0|237.0|131.0
mv13|80.0|175.0|113.0
mv14|83.0|168.0|110.0
mv15|98.0|242.0|149.0
mv16|91.0|817.0|134.0
mv17|80.0|178.0|121.0
mv18|80.0|232.0|181.0
mv19|80.0|182.0|114.0
mv20|90.0|214.0|141.0
mw01|80.0|187.0|117.0
mw02|81.0|242.0|138.0
mw03|94.0|192.0|133.0
mw04|81.0|612.0|117.0
mw05|80.0|668.0|113.0
mw06|83.0|216.0|142.0
mw07|80.0|218.0|103.0
mw08|83.0|538.0|121.0
mw09|80.0|162.0|108.0
mw10|81.0|216.0|115.0
mw11|86.0|279.0|136.0
mw13|83.0|882.0|102.0
mw14|91.0|848.0|134.0
mw15|90.0|565.0|147.0
mw16|80.0|165.0|116.0
mw17|91.0|262.0|128.0
mw18|80.0|242.0|93.0
mw19|110.0|237.0|145.0
mw20|80.0|149.0|108.0
my01|80.0|334.0|114.0
my02|80.0|401.0|123.0
my03|80.0|302.0|126.0
my04|80.0|248.0|115.0
my05|80.0|227.0|120.0
my06|82.0|882.0|183.0
my07|80.0|513.0|127.0
my08|81.0|760.0|147.0
my09|108.0|276.0|173.0
my10|83.0|179.0|119.0
my11|80.0|668.0|128.0
mz01|80.0|612.0|130.0
mz02|80.0|306.0|121.0
mz03|81.0|580.0|145.0
mz04|80.0|817.0|98.0
mz05|80.0|882.0|131.0
mz06|82.0|424.0|164.0
mz07|95.0|490.0|152.0
mz08|115.0|232.0|173.0
mz09|80.0|441.0|117.0
pmg|80.0|882.0|131.0
pmh|92.0|214.0|138.0
pml|83.0|817.0|147.0
pmm|87.0|401.0|148.0
pmn|81.0|401.0|126.0
pmo|80.0|788.0|114.0
ema|97.0|513.0|240.0
emb|109.0|735.0|224.0
emc|82.0|525.0|245.0
emd|80.0|689.0|229.0
eme|86.0|401.0|237.0
emf|80.0|882.0|138.0
emg|80.0|218.0|127.0
emh|80.0|501.0|136.0
emi|80.0|225.0|136.0
emj|80.0|204.0|119.0
nea|89.0|760.0|235.0
neb|88.0|788.0|235.0
nec|114.0|689.0|246.0
ned|82.0|479.0|252.0
nee|103.0|882.0|257.0
nef|98.0|848.0|265.0
neg|109.0|612.0|276.0
neh|82.0|711.0|263.0
nei|127.0|565.0|251.0
nej|84.0|401.0|233.0
nek|80.0|374.0|151.0
nel|80.0|408.0|152.0
nem|80.0|432.0|181.0
nen|80.0|256.0|144.0
neo|80.0|668.0|161.0
nep|80.0|817.0|140.0
neq|80.0|760.0|148.0
ner|80.0|259.0|131.0
nes|85.0|689.0|180.0
net|84.0|276.0|146.0
